x =

     13    182   -184   2503

>> a=roots(x)
a =

  -15.68500 +  0.00000i
    0.84250 +  3.40081i
    0.84250 -  3.40081i

>> diary off