>> a=[2 5 -1 4; 1 1 1 1; 4 -3 6  1; 2 -5 -3 -1;]
a =

   2   5  -1   4
   1   1   1   1
   4  -3   6   1
   2  -5  -3  -1

>> b=[0;0;0;7]
b =

   0
   0
   0
   7

>> inv(a)*b
ans =

   3.00000
   1.00000
  -1.00000
  -3.00000

>> diary off