 A = [-3 -2 4;0 3 -2;4 -3 2];
A
A =

  -3  -2   4
   0   3  -2
   4  -3   2

B = [9;5;7]
B =

   9
   5
   7

inv(A)*B
ans =

   3.0000
   7.0000
   8.0000